[gd_scene load_steps=6 format=2]

[ext_resource path="res://bonecalctest.gd" type="Script" id=1]
[ext_resource path="res://OQ_Toolkit/OQ_ARVRController/models3d/OculusQuestHand_Left.gltf" type="PackedScene" id=2]
[ext_resource path="res://avatarassets/mozillabasic/AvatarBot_base_for_export_altbody.glb" type="PackedScene" id=3]

[sub_resource type="SphereMesh" id=1]
radius = 0.01
height = 0.02

[sub_resource type="SpatialMaterial" id=2]
albedo_color = Color( 0.980392, 0.0117647, 0.0117647, 1 )

[node name="bonecalctest" type="Spatial"]
script = ExtResource( 1 )

[node name="OculusQuestHand_Left" parent="." instance=ExtResource( 2 )]
transform = Transform( 1, 0, 0, 0, -0.569796, -0.821786, 0, 0.821786, -0.569796, 0, -0.0132402, 0 )

[node name="AvatarBot_base_for_export_altbody" parent="." instance=ExtResource( 3 )]
transform = Transform( 1, 0, 0, 0, 1, 0, 0, 0, 1, -0.661232, -0.245231, 0 )

[node name="Camera" type="Camera" parent="."]
transform = Transform( 0.949206, -0.167784, 0.266189, 0, 0.84597, 0.533231, -0.314655, -0.506146, 0.803, 0.356203, 0.313073, 0.228346 )

[node name="smarker" type="MeshInstance" parent="."]
transform = Transform( 1, 0, 0, 0, 0.89942, -0.437084, 0, 0.437084, 0.89942, 0, 0.0414235, 0 )
mesh = SubResource( 1 )
material/0 = SubResource( 2 )
